ZS99100	FG	1	1	60	60	240	10	0.56	0.33	0.46
ZS99110	FG	1	1	60	60	240	10	0.56	0.33	0.46
ZS98120	FG	1	1	60	60	240	10	0.56	0.33	0.46
ZS99130	FG	1	1	60	60	240	10	0.56	0.34	0.46
ZS99160	FG	1	1	60	60	240	10	0.56	0.34	0.46
ZS99180	FG	1	1	60	60	240	10	0.56	0.33	0.46
WZ44910	FG	1	1	20	20	100	10	0.79	0.63	0.4
WZ44940	FG	1	1	6	6	30	1	0.75	0.25	0.39
WZ62850	FG	1	1	6	6	30	1	0.75	0.25	0.39
WZ44960	FG	1	1	6	6	30	1	0.75	0.25	0.39
WZ62900	FG	1	1	4	4	16	1	0.89	0.29	0.44
WZ45010	FG	1	1	4	4	16	1	0.89	0.29	0.44
ZS98340	FG	1	1	60	60	240	10	0.49	0.34	0.43
ZS97790	FG	1	1	60	60	240	10	0.56	0.34	0.46
ZS97900	FG	1	1	60	60	240	10	0.56	0.34	0.46
ZS98230	FG	1	1	60	60	240	10	0.56	0.33	0.48
ZS98360	FG	1	1	60	60	240	10	0.56	0.34	0.46
ZS97800	FG	1	1	60	60	240	10	0.56	0.34	0.46
ZS97870	FG	1	1	60	60	240	10	0.56	0.34	0.46
ZS98040	FG	1	1	60	60	320	10	0.5	0.26	0.5
ZS98170	FG	1	1	60	60	240	10	0.56	0.34	0.46
ZS98200	FG	1	1	60	60	240	10	0.5	0.26	0.47
ZS98220	FG	1	1	60	60	320	10	0.56	0.33	0.48
ZS98240	FG	1	1	60	60	320	10	0.56	0.33	0.48
ZS98270	FG	1	1	60	60	320	10	0.5	0.26	0.47
ZS98280	FG	1	1	60	60	320	10	0.5	0.26	0.47
ZS98300	FG	1	1	60	60	240	10	0.5	0.26	0.47
ZS98310	FG	1	1	60	60	320	10	0.5	0.26	0.5
WZ00160	FG	1	1	20	20	100	10	0.69	0.39	0.55
WZ00120	FG	1	1	40	40	160	10	0.69	0.39	0.55
WZ00190	FG	1	1	6	6	30	1	0.75	0.25	0.39
WZ00210	FG	1	1	8	8	40	1	0.65	0.21	0.37
WZ00370	FG	1	1	6	6	30	1	0.75	0.25	0.39
WZ44990	FG	1	1	4	4	25	1	0.82	0.25	0.36
WZ45000	FG	1	1	4	4	16	1	0.89	0.29	0.44
ZS97990	FG	1	1	60	60	240	10	0.56	0.34	0.46
ZS98130	FG	1	1	60	60	320	10	0.5	0.26	0.5
ZS98290	FG	1	1	60	60	240	10	0.56	0.33	0.48
ZS98050	FG	1	1	60	60	320	10	0.5	0.26	0.5
ZS98070	FG	1	1	60	60	240	10	0.56	0.34	0.46
WZ00290	FG	1	1	6	6	30	1	0.75	0.25	0.39
ZH37500	FG	1	1	6	6	30	1	0.75	0.25	0.39
WZ00400	FG	1	1	6	6	30	1	0.75	0.25	0.39
ZS98010	FG	1	1	60	60	240	10	0.56	0.34	0.46
ZS98380	FG	1	1	60	60	240	10	0.56	0.34	0.46
ZS97810	FG	1	1	60	60	240	10	0.56	0.34	0.46
ZS97820	FG	1	1	60	60	240	10	0.56	0.34	0.46
ZS97880	FG	1	1	60	60	240	10	0.56	0.34	0.46
ZS97950	FG	1	1	60	60	240	10	0.56	0.34	0.46
ZS98000	FG	1	1	60	60	240	10	0.56	0.34	0.46
ZS98080	FG	1	1	60	60	240	10	0.56	0.34	0.46
ZS98160	FG	1	1	60	60	240	10	0.56	0.34	0.46
ZS98320	FG	1	1	60	60	240	10	0.565	0.33	0.455
ZS98330	FG	1	1	60	60	240	10	0.565	0.33	0.455
WZ00560	FG	1	1	4	4	20	1	0.64	0.2	0.36
ZH37510	FG	1	1	4	4	16	1	0.89	0.29	0.44
VAM5150	FG	1	1	20	20	100	10	0.69	0.39	0.4
WZ44920	FG	1	1	6	6	40	1	0.65	0.21	0.37
WZ00310	FG	1	1	6	6	30	1	0.75	0.25	0.39
ZJ02610	FG	1	1	6	6	30	1	0.75	0.25	0.39
ZS97940	FG	1	1	60	60	320	10	0.56	0.34	0.46
ZS97960	FG	1	1	60	60	320	10	0.56	0.34	0.44
ZS97980	FG	1	1	60	60	320	10	0.56	0.34	0.44
ZS98030	FG	1	1	60	60	240	10	0.5	0.26	0.5
ZS98060	FG	1	1	60	60	240	10	0.56	0.34	0.46
ZS98100	FG	1	1	60	60	240	10	0.5	0.26	0.5
ZS98110	FG	1	1	60	60	240	10	0.5	0.26	0.5
ZS98260	FG	1	1	60	60	320	10	0.5	0.26	0.47
ZJ02620	FG	1	1	4	4	16	1	0.89	0.29	0.44
AAD7563	FG	10	10	400	80	400	10	0.47	0.32	0.38
ZJ99880	FG	10	10	400	80	400	10	0.47	0.32	0.38
ZJ99900	FG	10	10	400	80	400	10	0.47	0.32	0.38
AAD7562	FG	10	10	300	60	300	10	0.53	0.34	0.4
VAG5550	FG	10	10	400	80	400	10	0.53	0.34	0.4
VAG5560	FG	10	10	400	80	400	10	0.53	0.34	0.4
AAA7719	KD	600	600	12000	2400	12000	600	0.6	0.44	0.3
AAA7720	KD	200	200	4000	800	4000	200	0.6	0.44	0.3
ZJ39350	KD	200	200	4800	800	4800	200	0.6	0.44	0.3
VAC7210	KD	200	200	4000	800	4000	200	0.6	0.44	0.3
VAK5730	KD	10	10	160	20	160	10	0	0	0
AAE4597	FG	100	100	1600	400	1600	100	0.61	0.43	0.29
AAE4598	FG	100	100	1600	400	1600	100	0.61	0.43	0.29
WZ17320	FG	50	50	3600	400	3600	50	0.37	0.3	0.23
ZY33700	FG	1	1	252	18	252	1	0.53	0.15	0.12
AAD7536	FG	10	10	400	80	400	10	0.47	0.32	0.38
AAC1793	FG	50	50	3200	400	3200	50	0.37	0.3	0.23
AAC1841	FG	50	50	3200	400	3200	50	0.37	0.3	0.23
AAC1838	FG	50	50	3200	400	3200	50	0.37	0.3	0.23
AAC1843	FG	50	50	3200	400	3200	50	0.37	0.3	0.23
AAE5482	FG	50	50	3200	400	3200	50	0.37	0.3	0.23
AAC1844	FG	50	50	3200	400	3200	50	0.37	0.3	0.23
ZW92670	FG	50	50	3200	400	3200	50	0.37	0.3	0.23
ZW92680	FG	50	50	3200	400	3200	50	0.37	0.3	0.23
AAC7993	FG	50	50	3200	400	3200	50	0.37	0.3	0.23
AAC7992	FG	50	50	3200	400	3200	50	0.37	0.3	0.23
AAC7994	FG	50	50	3200	400	3200	50	0.37	0.3	0.23
AAE6266	FG	10	10	400	80	400	10	0.47	0.32	0.29
W71075P	KD	50	50	3200	400	3200	50	0.37	0.3	0.23
AAD7534	FG	10	10	400	80	400	10	0.47	0.32	0.38
ZS97840	FG	1	1	60	60	240	10	0.56	0.34	0.46
WZ00180	FG	1	1	20	20	100	10	0.69	0.39	0.4
ZS98370	FG	1	1	60	60	320	10	0.43	0.34	0.44
ZS97830	FG	1	1	60	60	320	10	0.56	0.34	0.46
ZS98020	FG	1	1	60	60	240	10	0.56	0.34	0.46
WZ00510	FG	1	1	4	4	16	1	0.89	0.29	0.44
ZS97850	FG	1	1	60	60	240	10	0.56	0.34	0.46
ZS98090	FG	1	1	60	60	240	10	0.56	0.34	0.46
ZS97890	FG	1	1	60	60	240	10	0.56	0.34	0.46
ZS98180	FG	1	1	60	60	240	10	0.56	0.34	0.46
